79 261
83 295
87 328
93 359
106 388
129 409
159 424
189 436
220 440
251 435
281 421
310 404
332 381
345 351
350 317
352 283
355 247
103 237
117 219
140 211
165 210
189 216
231 213
255 204
281 203
305 209
322 226
210 239
210 257
211 275
211 293
186 311
199 314
213 317
227 313
240 309
133 248
147 238
164 237
179 249
164 251
147 251
246 244
260 232
276 231
291 239
278 244
261 245
164 348
182 339
201 335
214 337
228 334
249 337
272 344
251 361
231 367
216 369
202 368
183 363
171 348
201 343
215 344
229 342
264 345
230 357
215 358
201 357
106 149
130 141
169 144
215 142
283 135
313 146
343 197
88 192
100 162
80 246
349 232
323 162
265 141
